#Chromosome	start	end	percGC	percA	percT
NC_002505.1	235	402	0.369696969697	0.339393939394	0.290909090909
NC_002505.1	372	806	0.502314814815	0.238425925926	0.259259259259
NC_002505.1	816	2210	0.525143678161	0.232040229885	0.242816091954
NC_002505.1	2271	3896	0.492298213185	0.251386321627	0.256315465188
NC_002505.1	3899	4156	0.466666666667	0.270588235294	0.262745098039
NC_002505.1	4123	4479	0.449152542373	0.274011299435	0.276836158192
NC_002505.1	4492	4629	0.503703703704	0.237037037037	0.259259259259
NC_002505.1	4871	5608	0.495238095238	0.229931972789	0.274829931973
NC_002505.1	5605	6276	0.503736920777	0.298953662182	0.19730941704
NC_002505.1	6354	7100	0.475806451613	0.252688172043	0.271505376344
NC_002505.1	7397	8815	0.507768361582	0.25	0.242231638418
NC_002505.1	8873	9973	0.499089253188	0.234972677596	0.265938069217
NC_002505.1	9991	11082	0.476584022039	0.264462809917	0.258953168044
NC_002505.1	11103	13520	0.505590062112	0.269979296066	0.224430641822
NC_002505.1	13876	14367	0.496932515337	0.204498977505	0.298568507157
NC_002505.1	14377	14493	0.447368421053	0.456140350877	0.0964912280702
NC_002505.1	14769	15206	0.459770114943	0.328735632184	0.211494252874
NC_002505.1	15294	16550	0.499202551834	0.241626794258	0.259170653907
NC_002505.1	16869	18935	0.520833333333	0.21753875969	0.261627906977
NC_002505.1	18950	19867	0.509289617486	0.233879781421	0.256830601093
NC_002505.1	20235	20837	0.471666666667	0.201666666667	0.326666666667
NC_002505.1	20943	21200	0.482352941176	0.254901960784	0.262745098039
NC_002505.1	21287	21535	0.491869918699	0.239837398374	0.268292682927
NC_002505.1	21656	21856	0.469696969697	0.237373737374	0.292929292929
NC_002505.1	22028	23008	0.521472392638	0.239263803681	0.239263803681
NC_002505.1	23256	24788	0.523529411765	0.23137254902	0.245098039216
NC_002505.1	24792	26633	0.547580206634	0.214246873301	0.238172920065
NC_002505.1	26643	27602	0.537095088819	0.223615464995	0.239289446186
NC_002505.1	27593	27877	0.457446808511	0.216312056738	0.326241134752
NC_002505.1	27889	29535	0.553527980535	0.217153284672	0.229318734793
NC_002505.1	30069	31592	0.536489151874	0.223537146614	0.239973701512
NC_002505.1	31682	32566	0.5	0.222222222222	0.277777777778
NC_002505.1	32644	33246	0.461666666667	0.258333333333	0.28
NC_002505.1	33277	34263	0.497967479675	0.25406504065	0.247967479675
NC_002505.1	34311	35735	0.495780590717	0.261603375527	0.242616033755
NC_002505.1	36152	36430	0.420289855072	0.239130434783	0.340579710145
NC_002505.1	36527	36694	0.527272727273	0.187878787879	0.284848484848
NC_002505.1	36928	37770	0.513095238095	0.228571428571	0.258333333333
NC_002505.1	37848	38495	0.472868217054	0.2	0.327131782946
NC_002505.1	38534	39190	0.501529051988	0.233944954128	0.264525993884
NC_002505.1	39103	40548	0.513513513514	0.29799029799	0.188496188496
NC_002505.1	40560	41936	0.522561863173	0.229257641921	0.248180494905
NC_002505.1	41998	43302	0.544546850998	0.220430107527	0.235023041475
NC_002505.1	43334	44281	0.515343915344	0.227513227513	0.257142857143
NC_002505.1	44299	44808	0.481262327416	0.224852071006	0.293885601578
NC_002505.1	44900	46075	0.502983802217	0.252344416027	0.244671781756
NC_002505.1	46075	47190	0.513926325247	0.235399820305	0.250673854447
NC_002505.1	47193	47669	0.46835443038	0.2805907173	0.251054852321
NC_002505.1	47679	48251	0.491228070175	0.245614035088	0.263157894737
NC_002505.1	48324	49457	0.512820512821	0.233421750663	0.253757736516
NC_002505.1	49461	49946	0.527950310559	0.24016563147	0.231884057971
NC_002505.1	50104	50670	0.539007092199	0.22695035461	0.234042553191
NC_002505.1	50689	51606	0.499453551913	0.239344262295	0.261202185792
NC_002505.1	51668	52504	0.501199040767	0.241007194245	0.257793764988
NC_002505.1	52501	52776	0.454212454212	0.285714285714	0.260073260073
NC_002505.1	52757	53311	0.478260869565	0.268115942029	0.253623188406
NC_002505.1	53497	53637	0.413043478261	0.340579710145	0.246376811594
NC_002505.1	59356	59736	0.433862433862	0.195767195767	0.37037037037
NC_002505.1	59988	61925	0.476485788114	0.252713178295	0.270801033592
NC_002505.1	61929	63251	0.465151515152	0.253787878788	0.281060606061
NC_002505.1	63238	64014	0.505167958656	0.239018087855	0.255813953488
NC_002505.1	64014	64214	0.464646464646	0.267676767677	0.267676767677
NC_002505.1	64220	64990	0.505208333333	0.23828125	0.256510416667
NC_002505.1	64987	66099	0.479279279279	0.246846846847	0.273873873874
NC_002505.1	66324	68117	0.505862646566	0.254048017867	0.240089335567
NC_002505.1	68250	69233	0.474006116208	0.279306829766	0.246687054027
NC_002505.1	69296	70498	0.501666666667	0.203333333333	0.295
NC_002505.1	70602	70886	0.471631205674	0.308510638298	0.219858156028
NC_002505.1	70975	71436	0.455337690632	0.241830065359	0.302832244009
NC_002505.1	71512	73818	0.501302083333	0.247829861111	0.250868055556
NC_002505.1	73878	74663	0.524904214559	0.242656449553	0.232439335888
NC_002505.1	74781	75170	0.509043927649	0.284237726098	0.206718346253
NC_002505.1	75266	76153	0.483615819209	0.332203389831	0.18418079096
NC_002505.1	76210	76635	0.486997635934	0.243498817967	0.269503546099
NC_002505.1	76681	76776	0.440860215054	0.247311827957	0.311827956989
NC_002505.1	76782	77327	0.447513812155	0.278084714549	0.274401473297
NC_002505.1	77403	77726	0.476635514019	0.208722741433	0.314641744548
NC_002505.1	77859	79055	0.520100502513	0.239530988275	0.240368509213
NC_002505.1	79052	79963	0.507150715072	0.276127612761	0.216721672167
NC_002505.1	80077	81618	0.506822612086	0.291747888239	0.201429499675
NC_002505.1	81663	82445	0.497435897436	0.253846153846	0.248717948718
NC_002505.1	82454	83077	0.50885668277	0.256038647343	0.235104669887
NC_002505.1	83074	84708	0.492647058824	0.247549019608	0.259803921569
NC_002505.1	84768	85016	0.451219512195	0.325203252033	0.223577235772
NC_002505.1	85020	85421	0.533834586466	0.260651629073	0.205513784461
NC_002505.1	85510	86262	0.486666666667	0.182666666667	0.330666666667
NC_002505.1	86574	87575	0.477477477477	0.264264264264	0.258258258258
NC_002505.1	87681	89045	0.51248164464	0.296622613803	0.190895741557
NC_002505.1	89116	89985	0.504036908881	0.273356401384	0.222606689735
NC_002505.1	90013	90642	0.527910685805	0.205741626794	0.2663476874
NC_002505.1	90962	93388	0.518564356436	0.231848184818	0.249587458746
NC_002505.1	93464	94318	0.496478873239	0.308685446009	0.194835680751
NC_002505.1	94319	94870	0.468123861566	0.262295081967	0.269581056466
NC_002505.1	94893	94991	0.395833333333	0.333333333333	0.270833333333
NC_002505.1	95062	95472	0.460784313725	0.254901960784	0.28431372549
NC_002505.1	95592	97571	0.516944865959	0.206373292868	0.276681841173
NC_002505.1	97946	98779	0.483754512635	0.298435619735	0.217809867629
NC_002505.1	98786	99106	0.462264150943	0.254716981132	0.283018867925
NC_002505.1	99867	100634	0.460130718954	0.266666666667	0.273202614379
NC_002505.1	100811	101854	0.497598463016	0.253602305476	0.248799231508
NC_002505.1	101958	102389	0.433566433566	0.30303030303	0.263403263403
NC_002505.1	103098	105902	0.502141327623	0.259814418273	0.238044254104
NC_002505.1	106649	107311	0.475757575758	0.239393939394	0.284848484848
NC_002505.1	107409	108080	0.488789237668	0.275037369208	0.236173393124
NC_002505.1	108252	108920	0.471471471471	0.249249249249	0.279279279279
NC_002505.1	108920	109468	0.514652014652	0.324175824176	0.161172161172
NC_002505.1	109475	109966	0.501022494888	0.280163599182	0.21881390593
NC_002505.1	110051	111493	0.480555555556	0.258333333333	0.261111111111
NC_002505.1	111557	112753	0.50837520938	0.240368509213	0.251256281407
NC_002505.1	112750	113949	0.520467836257	0.187969924812	0.291562238931
NC_002505.1	113933	114715	0.503846153846	0.246153846154	0.25
NC_002505.1	114761	115714	0.542586750789	0.223974763407	0.233438485804
NC_002505.1	115891	116037	0.395833333333	0.25	0.354166666667
NC_002505.1	116053	118584	0.488730723606	0.242783708976	0.268485567418
NC_002505.1	118690	119004	0.487179487179	0.227564102564	0.285256410256
NC_002505.1	119229	120482	0.505195843325	0.233413269384	0.26139088729
NC_002505.1	120494	121324	0.524154589372	0.225845410628	0.25
NC_002505.1	121338	122036	0.525862068966	0.219827586207	0.254310344828
NC_002505.1	122005	122940	0.519828510182	0.257234726688	0.22293676313
NC_002505.1	122943	123662	0.521617852162	0.23570432357	0.242677824268
NC_002505.1	123772	126261	0.521511861681	0.218335343788	0.260152794532
NC_002505.1	126294	126890	0.548821548822	0.225589225589	0.225589225589
NC_002505.1	126887	128431	0.524643320363	0.221789883268	0.253566796368
NC_002505.1	128715	129542	0.48	0.246060606061	0.273939393939
NC_002505.1	129657	130673	0.470414201183	0.257396449704	0.272189349112
NC_002505.1	130748	131365	0.481300813008	0.222764227642	0.29593495935
NC_002505.1	131385	132611	0.485294117647	0.237745098039	0.276960784314
NC_002505.1	132791	133261	0.465811965812	0.239316239316	0.294871794872
NC_002505.1	133431	133760	0.455657492355	0.272171253823	0.272171253823
NC_002505.1	133965	134333	0.434426229508	0.284153005464	0.281420765027
NC_002505.1	134395	134475	0.346153846154	0.333333333333	0.320512820513
NC_002505.1	134836	135093	0.258823529412	0.121568627451	0.619607843137
NC_002505.1	135210	135839	0.48644338118	0.191387559809	0.322169059011
NC_002505.1	135888	136154	0.44696969697	0.337121212121	0.215909090909
NC_002505.1	136151	136750	0.499162479062	0.22445561139	0.276381909548
NC_002505.1	136954	138129	0.497868712702	0.296675191816	0.205456095482
NC_002505.1	138151	138852	0.510729613734	0.236051502146	0.25321888412
NC_002505.1	138842	139834	0.488888888889	0.247474747475	0.263636363636
NC_002505.1	140004	140864	0.5	0.262237762238	0.237762237762
NC_002505.1	141066	142466	0.49356223176	0.244635193133	0.261802575107
NC_002505.1	142774	143415	0.521126760563	0.239436619718	0.239436619718
NC_002505.1	143455	143826	0.485094850949	0.208672086721	0.306233062331
NC_002505.1	143863	144972	0.478771454381	0.246612466125	0.274616079494
NC_002505.1	145370	147205	0.433169667212	0.290234588107	0.276595744681
NC_002505.1	147278	148885	0.466666666667	0.252336448598	0.280996884735
NC_002505.1	149278	150075	0.476729559748	0.25534591195	0.267924528302
NC_002505.1	150041	150499	0.445175438596	0.269736842105	0.285087719298
NC_002505.1	156407	157303	0.480984340045	0.241610738255	0.2774049217
NC_002505.1	157441	158925	0.47705802969	0.259784075574	0.263157894737
NC_002505.1	159052	159303	0.461847389558	0.192771084337	0.345381526104
NC_002505.1	159419	162529	0.500643500644	0.259009009009	0.240347490347
NC_002505.1	162541	163647	0.471920289855	0.251811594203	0.275362318841
NC_002505.1	163666	164262	0.424242424242	0.277777777778	0.29797979798
NC_002505.1	164408	166423	0.488325881769	0.276701440636	0.234972677596
NC_002505.1	166490	166897	0.503703703704	0.254320987654	0.241975308642
NC_002505.1	168232	168399	0.30303030303	0.278787878788	0.418181818182
NC_002505.1	168532	170247	0.503210741389	0.245767659078	0.251021599533
NC_002505.1	170339	171895	0.480694980695	0.287644787645	0.23166023166
NC_002505.1	171999	173027	0.502923976608	0.202729044834	0.293372319688
NC_002505.1	173030	173968	0.508547008547	0.192307692308	0.299145299145
NC_002505.1	174143	175090	0.521693121693	0.262433862434	0.215873015873
NC_002505.1	175343	176941	0.369047619048	0.263157894737	0.367794486216
NC_002505.1	177450	177758	0.388888888889	0.248366013072	0.362745098039
NC_002505.1	177861	178424	0.377896613191	0.333333333333	0.288770053476
NC_002505.1	179338	180405	0.426291079812	0.292957746479	0.280751173709
NC_002505.1	180419	181729	0.418195718654	0.305810397554	0.275993883792
NC_002505.1	181732	183486	0.435502283105	0.283105022831	0.281392694064
NC_002505.1	183476	183946	0.457264957265	0.254273504274	0.288461538462
NC_002505.1	183957	184388	0.37296037296	0.219114219114	0.407925407925
NC_002505.1	184360	186471	0.375533428165	0.262683736368	0.361782835467
NC_002505.1	186481	188169	0.396204033215	0.268090154211	0.335705812574
NC_002505.1	188166	189380	0.369636963696	0.282178217822	0.348184818482
NC_002505.1	189457	190821	0.522026431718	0.218061674009	0.259911894273
NC_002505.1	190915	191754	0.512544802867	0.225806451613	0.26164874552
NC_002505.1	192034	194076	0.522058823529	0.252450980392	0.225490196078
NC_002505.1	194214	196385	0.53112033195	0.249884739511	0.218994928538
NC_002505.1	197130	197798	0.515015015015	0.274774774775	0.21021021021
NC_002505.1	197873	198685	0.501234567901	0.244444444444	0.254320987654
NC_002505.1	198833	200599	0.553287981859	0.209183673469	0.237528344671
NC_002505.1	200761	201669	0.523178807947	0.294701986755	0.182119205298
NC_002505.1	201830	203665	0.529187124932	0.232951445717	0.237861429351
NC_002505.1	203658	203957	0.531986531987	0.195286195286	0.272727272727
NC_002505.1	204113	204490	0.504	0.154666666667	0.341333333333
NC_002505.1	204526	206361	0.50736497545	0.244408074195	0.248226950355
NC_002505.1	206433	208589	0.496285979573	0.261374187558	0.242339832869
NC_002505.1	208720	209505	0.532567049808	0.200510855683	0.266922094508
NC_002505.1	209496	210455	0.53605015674	0.216300940439	0.247648902821
NC_002505.1	210452	212413	0.561000510465	0.153139356815	0.285860132721
NC_002505.1	212440	213288	0.534278959811	0.209219858156	0.256501182033
NC_002505.1	213331	213522	0.359788359788	0.280423280423	0.359788359788
NC_002505.1	213504	214421	0.538797814208	0.248087431694	0.213114754098
NC_002505.1	214449	215897	0.520055325035	0.205394190871	0.274550484094
NC_002505.1	216004	216492	0.434156378601	0.308641975309	0.257201646091
NC_002505.1	216558	217424	0.521990740741	0.201388888889	0.27662037037
NC_002505.1	217588	218304	0.528011204482	0.247899159664	0.224089635854
NC_002505.1	218670	219311	0.483568075117	0.253521126761	0.262910798122
NC_002505.1	219397	220374	0.527179487179	0.236923076923	0.235897435897
NC_002505.1	220385	221341	0.494758909853	0.251572327044	0.253668763103
NC_002505.1	221338	221928	0.481292517007	0.258503401361	0.260204081633
NC_002505.1	222087	223286	0.553049289891	0.207184628237	0.239766081871
NC_002505.1	223454	225148	0.505319148936	0.268321513002	0.226359338061
NC_002505.1	225260	225934	0.513392857143	0.232142857143	0.254464285714
NC_002505.1	226229	226465	0.452991452991	0.294871794872	0.252136752137
NC_002505.1	226479	226646	0.436363636364	0.351515151515	0.212121212121
NC_002505.1	226867	227355	0.495884773663	0.248971193416	0.255144032922
NC_002505.1	227365	228174	0.5229244114	0.235439900867	0.241635687732
NC_002505.1	228271	228765	0.489837398374	0.260162601626	0.25
NC_002505.1	228876	229913	0.515942028986	0.24347826087	0.240579710145
NC_002505.1	229975	230754	0.490347490347	0.253539253539	0.256113256113
NC_002505.1	230797	231870	0.517273576097	0.235294117647	0.247432306256
NC_002505.1	231950	232705	0.463479415671	0.294820717131	0.241699867198
NC_002505.1	232709	233668	0.326018808777	0.341692789969	0.332288401254
NC_002505.1	233672	234601	0.440129449838	0.269687162891	0.290183387271
NC_002505.1	234598	235341	0.462887989204	0.264507422402	0.272604588394
NC_002505.1	235338	236921	0.455407969639	0.270082226439	0.274509803922
NC_002505.1	236912	237292	0.441798941799	0.272486772487	0.285714285714
NC_002505.1	237289	238608	0.475322703113	0.253606681853	0.271070615034
NC_002505.1	238569	239357	0.442748091603	0.262086513995	0.295165394402
NC_002505.1	239354	240403	0.445081184336	0.25787965616	0.297039159503
NC_002505.1	240400	241440	0.463391136802	0.277456647399	0.2591522158
NC_002505.1	241437	242636	0.353383458647	0.351712614871	0.294903926483
NC_002505.1	242638	243204	0.370567375887	0.292553191489	0.336879432624
NC_002505.1	243212	244984	0.452542372881	0.261016949153	0.286440677966
NC_002505.1	245143	246087	0.46178343949	0.268577494692	0.269639065817
NC_002505.1	246640	247926	0.420560747664	0.30062305296	0.278816199377
NC_002505.1	247929	249320	0.387329013679	0.305975521958	0.306695464363
NC_002505.1	249323	250444	0.395889186774	0.323503127793	0.280607685433
NC_002505.1	250455	251558	0.400544959128	0.312443233424	0.287011807448
NC_002505.1	251555	252946	0.352051835853	0.336213102952	0.311735061195
NC_002505.1	252918	253712	0.348484848485	0.271464646465	0.380050505051
NC_002505.1	253651	254466	0.365313653137	0.313653136531	0.321033210332
NC_002505.1	254505	254747	0.3375	0.325	0.3375
NC_002505.1	254753	256168	0.376503892427	0.314225053079	0.309271054494
NC_002505.1	256177	257301	0.426024955437	0.278966131907	0.295008912656
NC_002505.1	257292	259769	0.423838383838	0.288080808081	0.288080808081
NC_002505.1	259839	260405	0.390070921986	0.303191489362	0.306737588652
NC_002505.1	262098	262319	0.328767123288	0.360730593607	0.310502283105
NC_002505.1	262326	262670	0.432748538012	0.359649122807	0.207602339181
NC_002505.1	262667	263539	0.444827586207	0.297701149425	0.257471264368
NC_002505.1	264254	265366	0.351351351351	0.3	0.348648648649
NC_002505.1	265374	267239	0.435319377348	0.278046162104	0.286634460548
NC_002505.1	267392	268363	0.450980392157	0.28173374613	0.267285861713
NC_002505.1	268371	268925	0.440217391304	0.242753623188	0.317028985507
NC_002505.1	269068	270435	0.552380952381	0.206593406593	0.241025641026
NC_002505.1	270697	271935	0.495145631068	0.258090614887	0.246763754045
NC_002505.1	271990	272562	0.543859649123	0.212280701754	0.243859649123
NC_002505.1	272562	273485	0.533116178067	0.230184581976	0.236699239957
NC_002505.1	273559	274146	0.488888888889	0.263247863248	0.247863247863
NC_002505.1	274509	275708	0.413533834586	0.311612364244	0.27485380117
NC_002505.1	275674	276654	0.442740286299	0.268916155419	0.288343558282
NC_002505.1	277002	278060	0.53125	0.22821969697	0.24053030303
NC_002505.1	278432	278704	0.477777777778	0.303703703704	0.218518518519
NC_002505.1	278705	279439	0.479508196721	0.251366120219	0.26912568306
NC_002505.1	279539	280828	0.552447552448	0.205128205128	0.242424242424
NC_002505.1	280887	282479	0.532075471698	0.21572327044	0.252201257862
NC_002505.1	282765	283166	0.498746867168	0.290726817043	0.210526315789
NC_002505.1	283393	284952	0.504174694926	0.241490044958	0.254335260116
NC_002505.1	285652	286989	0.512359550562	0.194007490637	0.293632958801
NC_002505.1	287033	289234	0.5011368804	0.261482492042	0.237380627558
NC_002505.1	289352	291022	0.513788968825	0.203237410072	0.282973621103
NC_002505.1	291257	291934	0.555555555556	0.220740740741	0.223703703704
NC_002505.1	294219	294824	0.55223880597	0.213930348259	0.233830845771
NC_002505.1	294837	296213	0.548034934498	0.278020378457	0.173944687045
NC_002505.1	296367	296882	0.502923976608	0.270955165692	0.2261208577
NC_002505.1	296879	298675	0.54347826087	0.227424749164	0.229096989967
NC_002505.1	298752	299750	0.519076305221	0.236947791165	0.243975903614
NC_002505.1	299889	300185	0.428571428571	0.227891156463	0.343537414966
NC_002505.1	300209	301204	0.499496475327	0.216515609265	0.283987915408
NC_002505.1	301317	302204	0.536723163842	0.211299435028	0.25197740113
NC_002505.1	302413	303756	0.51528709918	0.215510812826	0.269202087994
NC_002505.1	303771	304232	0.505446623094	0.21568627451	0.278867102397
NC_002505.1	304289	304741	0.46	0.271111111111	0.268888888889
NC_002505.1	305121	307070	0.513610683102	0.222393425783	0.263995891115
NC_002505.1	307273	307944	0.50822122571	0.251121076233	0.240657698057
NC_002505.1	307911	309734	0.510159253158	0.23778143877	0.252059308072
NC_002505.1	309689	309895	0.480392156863	0.25	0.269607843137
NC_002505.1	309994	311184	0.536195286195	0.177609427609	0.286195286195
NC_002505.1	311277	314720	0.51932577739	0.202266782912	0.278407439698
NC_002505.1	314843	316336	0.50234741784	0.238765928907	0.258886653253
NC_002505.1	316344	317660	0.509893455099	0.232876712329	0.257229832572
NC_002505.1	317772	318098	0.484567901235	0.274691358025	0.240740740741
NC_002505.1	318296	319555	0.477326968974	0.281622911695	0.241050119332
NC_002505.1	319654	320646	0.465656565657	0.261616161616	0.272727272727
NC_002505.1	320728	322569	0.487765089723	0.249048395867	0.26318651441
NC_002505.1	322566	322835	0.483146067416	0.258426966292	0.258426966292
NC_002505.1	322851	323561	0.49011299435	0.264124293785	0.245762711864
NC_002505.1	329711	331051	0.447683109118	0.260837070254	0.291479820628
NC_002505.1	331146	331592	0.457207207207	0.263513513514	0.279279279279
NC_002505.1	331605	332678	0.46685340803	0.267040149393	0.266106442577
NC_002505.1	332675	333637	0.488541666667	0.246875	0.264583333333
NC_002505.1	333687	334814	0.438222222222	0.303111111111	0.258666666667
NC_002505.1	335326	336510	0.491539763113	0.28510998308	0.223350253807
NC_002505.1	336719	337114	0.486005089059	0.234096692112	0.27989821883
NC_002505.1	337130	337678	0.472527472527	0.274725274725	0.252747252747
NC_002505.1	337809	338237	0.478873239437	0.276995305164	0.244131455399
NC_002505.1	338242	338943	0.482117310443	0.280400572246	0.23748211731
NC_002505.1	339213	339701	0.48353909465	0.27366255144	0.242798353909
NC_002505.1	339768	340133	0.454545454545	0.283746556474	0.261707988981
NC_002505.1	340374	344399	0.4939100174	0.267213522247	0.238876460353
NC_002505.1	344504	348709	0.506305020224	0.26266952177	0.231025458006
NC_002505.1	348820	349314	0.44918699187	0.272357723577	0.278455284553
NC_002505.1	349459	350268	0.505576208178	0.234200743494	0.260223048327
NC_002505.1	350511	351590	0.506035283194	0.229340761374	0.264623955432
NC_002505.1	351596	352324	0.457300275482	0.264462809917	0.278236914601
NC_002505.1	352411	353370	0.514106583072	0.212121212121	0.273772204807
NC_002505.1	353367	354515	0.486038394415	0.201570680628	0.312390924956
NC_002505.1	354684	356216	0.511111111111	0.216339869281	0.272549019608
NC_002505.1	356359	357300	0.525026624068	0.289669861555	0.185303514377
NC_002505.1	357398	358834	0.502789400279	0.284518828452	0.212691771269
NC_002505.1	359021	359878	0.52514619883	0.238596491228	0.236257309942
NC_002505.1	359871	361034	0.479758828596	0.244616709733	0.275624461671
NC_002505.1	361157	361702	0.458563535912	0.28729281768	0.254143646409
NC_002505.1	363575	364684	0.484191508582	0.244805781391	0.271002710027
NC_002505.1	364889	365353	0.452380952381	0.264069264069	0.281385281385
NC_002505.1	365320	367065	0.475616752725	0.271944922547	0.252438324727
NC_002505.1	367072	369033	0.50382848392	0.259826442062	0.236345074017
NC_002505.1	369030	369977	0.489947089947	0.267724867725	0.242328042328
NC_002505.1	370149	370412	0.471264367816	0.272030651341	0.256704980843
NC_002505.1	370445	371734	0.48174048174	0.261072261072	0.257187257187
NC_002505.1	371780	372967	0.496202531646	0.269198312236	0.234599156118
NC_002505.1	372970	373950	0.470347648262	0.275051124744	0.254601226994
NC_002505.1	373993	374199	0.519607843137	0.18137254902	0.299019607843
NC_002505.1	374240	374467	0.448888888889	0.213333333333	0.337777777778
NC_002505.1	374470	375453	0.493374108053	0.251783893986	0.254841997961
NC_002505.1	375590	376369	0.471042471042	0.311454311454	0.217503217503
NC_002505.1	376568	377290	0.4625	0.281944444444	0.255555555556
NC_002505.1	377287	377682	0.491094147583	0.256997455471	0.251908396947
NC_002505.1	377679	378035	0.471751412429	0.24011299435	0.28813559322
NC_002505.1	378045	378320	0.424908424908	0.25641025641	0.318681318681
NC_002505.1	378505	378879	0.467741935484	0.268817204301	0.263440860215
NC_002505.1	378995	379465	0.465811965812	0.275641025641	0.258547008547
NC_002505.1	379541	381637	0.478032473734	0.261222540592	0.260744985673
NC_002505.1	381760	382944	0.492385786802	0.285956006768	0.22165820643
NC_002505.1	383247	383435	0.44623655914	0.279569892473	0.274193548387
NC_002505.1	383505	383981	0.405063291139	0.31223628692	0.282700421941
NC_002505.1	384193	384561	0.472677595628	0.289617486339	0.237704918033
NC_002505.1	384569	384871	0.456666666667	0.27	0.273333333333
NC_002505.1	384887	385114	0.457777777778	0.288888888889	0.253333333333
NC_002505.1	385148	385597	0.463087248322	0.27293064877	0.263982102908
NC_002505.1	385659	386468	0.433705080545	0.258983890954	0.307311028501
NC_002505.1	386594	388000	0.505698005698	0.248575498575	0.245726495726
NC_002505.1	387972	389099	0.524444444444	0.231111111111	0.244444444444
NC_002505.1	389182	389601	0.482014388489	0.242206235012	0.275779376499
NC_002505.1	389886	391538	0.489696969697	0.26	0.250303030303
NC_002505.1	391741	392919	0.490646258503	0.248299319728	0.261054421769
NC_002505.1	393036	393497	0.474945533769	0.272331154684	0.252723311547
NC_002505.1	393507	393974	0.436559139785	0.260215053763	0.303225806452
NC_002505.1	394329	395312	0.506625891947	0.245667686035	0.247706422018
NC_002505.1	395473	395685	0.447619047619	0.180952380952	0.371428571429
NC_002505.1	395774	396439	0.470588235294	0.229260935143	0.300150829563
NC_002505.1	396393	396563	0.357142857143	0.255952380952	0.386904761905
NC_002505.1	396521	396790	0.464419475655	0.280898876404	0.25468164794
NC_002505.1	396876	398720	0.487513572204	0.268729641694	0.243756786102
NC_002505.1	398720	400453	0.492778740612	0.259387637204	0.247833622184
NC_002505.1	400446	401207	0.455862977602	0.297760210804	0.246376811594
NC_002505.1	407506	408840	0.445195195195	0.314564564565	0.24024024024
NC_002505.1	409037	412717	0.49782490484	0.252311038608	0.249864056552
NC_002505.1	412790	414145	0.505543237251	0.235772357724	0.258684405026
NC_002505.1	414609	415727	0.512544802867	0.224014336918	0.263440860215
NC_002505.1	415806	417599	0.481853713009	0.285873813512	0.232272473479
NC_002505.1	417655	420477	0.489361702128	0.242907801418	0.267730496454
NC_002505.1	420633	421508	0.481099656357	0.224513172967	0.294387170676
NC_002505.1	421678	422322	0.43769470405	0.264797507788	0.297507788162
NC_002505.1	422614	423147	0.499058380414	0.30131826742	0.199623352166
NC_002505.1	423262	425283	0.484893511639	0.251114413076	0.263992075285
NC_002505.1	425296	426735	0.489213639527	0.262352122477	0.248434237996
NC_002505.1	426732	427382	0.484567901235	0.262345679012	0.253086419753
NC_002505.1	427375	427692	0.504761904762	0.260317460317	0.234920634921
NC_002505.1	427707	429386	0.478234943351	0.264162194395	0.257602862254
NC_002505.1	429391	430236	0.50059311981	0.251482799526	0.247924080664
NC_002505.1	430215	431384	0.505569837189	0.27763496144	0.216795201371
NC_002505.1	431374	433101	0.500869565217	0.234782608696	0.264347826087
NC_002505.1	433110	434333	0.489762489762	0.225225225225	0.285012285012
NC_002505.1	434336	434788	0.468888888889	0.24	0.291111111111
NC_002505.1	434833	435423	0.47619047619	0.258503401361	0.265306122449
NC_002505.1	435449	435985	0.432584269663	0.290262172285	0.277153558052
NC_002505.1	436022	436510	0.508230452675	0.199588477366	0.292181069959
NC_002505.1	436458	437069	0.474548440066	0.256157635468	0.269293924466
NC_002505.1	437069	437839	0.490885416667	0.234375	0.274739583333
NC_002505.1	437805	438236	0.487179487179	0.244755244755	0.268065268065
NC_002505.1	438229	441987	0.458466453674	0.259052183174	0.282481363152
NC_002505.1	442155	443198	0.509125840538	0.232468780019	0.258405379443
NC_002505.1	443255	444145	0.48536036036	0.257882882883	0.256756756757
NC_002505.1	444132	444620	0.493827160494	0.183127572016	0.32304526749
NC_002505.1	444563	445180	0.515447154472	0.240650406504	0.243902439024
NC_002505.1	445206	446675	0.494887525562	0.265167007498	0.239945466939
NC_002505.1	446688	450563	0.503485670023	0.246837077201	0.249677252776
NC_002505.1	450572	451399	0.522424242424	0.249696969697	0.227878787879
NC_002505.1	451399	452844	0.5148995149	0.243936243936	0.241164241164
NC_002505.1	452940	454163	0.5085995086	0.248976248976	0.242424242424
NC_002505.1	454890	455312	0.438095238095	0.316666666667	0.245238095238
NC_002505.1	455459	456256	0.498113207547	0.225157232704	0.276729559748
NC_002505.1	456325	456708	0.485564304462	0.257217847769	0.257217847769
NC_002505.1	456859	457296	0.473563218391	0.250574712644	0.275862068966
NC_002505.1	457418	459982	0.527322404372	0.273224043716	0.199453551913
NC_002505.1	460153	461139	0.489837398374	0.231707317073	0.278455284553
NC_002505.1	461445	461915	0.491452991453	0.24358974359	0.264957264957
NC_002505.1	462243	463178	0.510182207931	0.228295819936	0.261521972133
NC_002505.1	463652	465058	0.488603988604	0.192307692308	0.319088319088
NC_002505.1	465207	466178	0.475748194014	0.2435500516	0.280701754386
NC_002505.1	466449	466760	0.440129449838	0.294498381877	0.265372168285
NC_002505.1	466781	467041	0.449612403101	0.286821705426	0.263565891473
NC_002505.1	467264	468436	0.486324786325	0.267521367521	0.246153846154
NC_002505.1	468450	469319	0.499423298731	0.221453287197	0.279123414072
NC_002505.1	469307	469792	0.469979296066	0.165631469979	0.364389233954
NC_002505.1	469805	470302	0.50303030303	0.232323232323	0.264646464646
NC_002505.1	470451	471260	0.508054522924	0.255266418835	0.23667905824
NC_002505.1	471271	471651	0.478835978836	0.259259259259	0.261904761905
NC_002505.1	471723	472571	0.477541371158	0.236406619385	0.286052009456
NC_002505.1	472552	473544	0.50202020202	0.242424242424	0.255555555556
NC_002505.1	473534	474829	0.482598607889	0.204949729312	0.3124516628
NC_002505.1	474882	477245	0.466751376535	0.25667090216	0.276577721305
NC_002505.1	477392	478246	0.504694835681	0.24765258216	0.24765258216
NC_002505.1	479294	480919	0.504004929144	0.219963031423	0.276032039433
NC_002505.1	481683	482810	0.464	0.236444444444	0.299555555556
NC_002505.1	482912	483184	0.459259259259	0.211111111111	0.32962962963
NC_002505.1	483198	484259	0.513692162417	0.220018885741	0.266288951841
NC_002505.1	484499	485218	0.521617852162	0.242677824268	0.23570432357
NC_002505.1	485299	486249	0.512658227848	0.245780590717	0.241561181435
NC_002505.1	486470	487645	0.520886615516	0.233589087809	0.245524296675
NC_002505.1	487639	488241	0.528333333333	0.21	0.261666666667
NC_002505.1	488311	488742	0.477855477855	0.228438228438	0.293706293706
NC_002505.1	488788	489078	0.534722222222	0.180555555556	0.284722222222
NC_002505.1	489078	489635	0.518918918919	0.306306306306	0.174774774775
NC_002505.1	489689	490507	0.546568627451	0.210784313725	0.242647058824
NC_002505.1	490560	491270	0.494350282486	0.223163841808	0.282485875706
NC_002505.1	491296	492333	0.487922705314	0.257004830918	0.255072463768
NC_002505.1	492348	493454	0.508152173913	0.250905797101	0.240942028986
NC_002505.1	493566	494369	0.516853932584	0.224719101124	0.258426966292
NC_002505.1	494454	495758	0.509984639017	0.225038402458	0.264976958525
NC_002505.1	495796	496218	0.516666666667	0.22380952381	0.259523809524
NC_002505.1	496299	496862	0.513368983957	0.231729055258	0.254901960784
NC_002505.1	496898	497854	0.493710691824	0.229559748428	0.276729559748
NC_002505.1	497868	498599	0.515775034294	0.230452674897	0.253772290809
NC_002505.1	498737	499432	0.499278499278	0.24531024531	0.255411255411
NC_002505.1	499560	500048	0.510288065844	0.230452674897	0.259259259259
NC_002505.1	500170	501327	0.50303030303	0.238095238095	0.258874458874
NC_002505.1	501605	503689	0.535062439962	0.249759846302	0.215177713737
NC_002505.1	503761	504657	0.510067114094	0.242729306488	0.247203579418
NC_002505.1	504802	506760	0.498977505112	0.266871165644	0.234151329243
NC_002505.1	506912	507937	0.458455522972	0.273704789834	0.267839687195
NC_002505.1	508071	509249	0.490646258503	0.265306122449	0.244047619048
NC_002505.1	509405	510481	0.472998137803	0.281191806331	0.245810055866
NC_002505.1	510669	510764	0.322580645161	0.193548387097	0.483870967742
NC_002505.1	510777	511640	0.45412311266	0.239256678281	0.306620209059
NC_002505.1	511704	512339	0.451816745656	0.320695102686	0.227488151659
NC_002505.1	512504	513400	0.467561521253	0.251677852349	0.280760626398
NC_002505.1	513480	514196	0.464985994398	0.28431372549	0.250700280112
NC_002505.1	514732	516144	0.475886524823	0.231205673759	0.292907801418
NC_002505.1	516560	517342	0.453846153846	0.291025641026	0.255128205128
NC_002505.1	517405	519237	0.495628415301	0.246994535519	0.25737704918
NC_002505.1	519298	520377	0.50139275766	0.22469823584	0.2739090065
NC_002505.1	520634	522394	0.483503981797	0.267349260523	0.249146757679
NC_002505.1	523156	525117	0.373660030628	0.263399693721	0.362940275651
NC_002505.1	525118	525654	0.34456928839	0.299625468165	0.355805243446
NC_002505.1	525623	526789	0.375429553265	0.268041237113	0.356529209622
NC_002505.1	527045	527920	0.392898052692	0.253150057274	0.353951890034
NC_002505.1	528305	528949	0.434579439252	0.294392523364	0.271028037383
NC_002505.1	529011	529685	0.453869047619	0.285714285714	0.260416666667
NC_002505.1	529739	530338	0.418760469012	0.306532663317	0.274706867672
NC_002505.1	530402	530602	0.454545454545	0.29797979798	0.247474747475
NC_002505.1	530684	531124	0.46803652968	0.308219178082	0.223744292237
NC_002505.1	534198	534722	0.413793103448	0.283524904215	0.302681992337
NC_002505.1	535418	536698	0.43896713615	0.276212832551	0.284820031299
NC_002505.1	536876	537103	0.453333333333	0.24	0.306666666667
NC_002505.1	537151	537519	0.494535519126	0.210382513661	0.295081967213
NC_002505.1	537550	538284	0.48087431694	0.25	0.26912568306
NC_002505.1	538423	538599	0.442528735632	0.367816091954	0.189655172414
NC_002505.1	538603	539046	0.46485260771	0.269841269841	0.265306122449
NC_002505.1	539097	539540	0.46485260771	0.278911564626	0.256235827664
NC_002505.1	539531	540004	0.47983014862	0.222929936306	0.297239915074
NC_002505.1	541319	542908	0.436672967864	0.312539382483	0.250787649653
NC_002505.1	544362	545177	0.274292742927	0.377613776138	0.348093480935
NC_002505.1	545174	547054	0.352502662407	0.348775292865	0.298722044728
NC_002505.1	547158	548390	0.339024390244	0.324390243902	0.336585365854
NC_002505.1	548780	550021	0.403551251009	0.230024213075	0.366424535916
NC_002505.1	550407	552284	0.474133333333	0.2352	0.290666666667
NC_002505.1	552383	554145	0.464204545455	0.244318181818	0.291477272727
NC_002505.1	554235	554678	0.49433106576	0.208616780045	0.297052154195
NC_002505.1	554708	554923	0.507042253521	0.206572769953	0.286384976526
NC_002505.1	555164	556182	0.501968503937	0.241141732283	0.25688976378
NC_002505.1	556336	557148	0.5	0.223456790123	0.276543209877
NC_002505.1	557197	557823	0.524038461538	0.274038461538	0.201923076923
NC_002505.1	557976	558365	0.53488372093	0.250645994832	0.214470284238
NC_002505.1	558362	558868	0.488095238095	0.232142857143	0.279761904762
NC_002505.1	558865	559668	0.459425717853	0.19975031211	0.340823970037
NC_002505.1	559777	560067	0.493055555556	0.253472222222	0.253472222222
NC_002505.1	560064	560762	0.525862068966	0.225574712644	0.248563218391
NC_002505.1	560759	561235	0.521097046414	0.248945147679	0.229957805907
NC_002505.1	561265	562350	0.506925207756	0.239150507849	0.253924284395
NC_002505.1	562313	563104	0.500633713561	0.247148288973	0.252217997465
NC_002505.1	563097	563723	0.511217948718	0.248397435897	0.240384615385
NC_002505.1	563723	564658	0.442658092176	0.314040728832	0.243301178992
NC_002505.1	564732	565739	0.469651741294	0.271641791045	0.258706467662
NC_002505.1	565832	568420	0.522041763341	0.23279195669	0.245166279969
NC_002505.1	568688	569575	0.520903954802	0.227118644068	0.25197740113
NC_002505.1	569959	570960	0.495495495495	0.263263263263	0.241241241241
NC_002505.1	571037	571888	0.514723203769	0.175500588928	0.309776207303
NC_002505.1	571899	572762	0.515679442509	0.184668989547	0.299651567944
NC_002505.1	572759	573889	0.507978723404	0.219858156028	0.272163120567
NC_002505.1	574056	574562	0.515873015873	0.238095238095	0.246031746032
NC_002505.1	574696	575760	0.477401129944	0.285310734463	0.237288135593
NC_002505.1	575893	576351	0.480263157895	0.291666666667	0.228070175439
NC_002505.1	576524	579106	0.506589147287	0.255813953488	0.237596899225
NC_002505.1	579310	580497	0.478481012658	0.273417721519	0.248101265823
NC_002505.1	580589	580786	0.482051282051	0.276923076923	0.241025641026
NC_002505.1	582357	582617	0.507751937984	0.236434108527	0.255813953488
NC_002505.1	582646	584439	0.508654383026	0.256281407035	0.235064209939
NC_002505.1	584449	585579	0.51329787234	0.200354609929	0.28634751773
NC_002505.1	585702	586652	0.517932489451	0.245780590717	0.236286919831
NC_002505.1	586646	587107	0.492374727669	0.183006535948	0.324618736383
NC_002505.1	587114	589972	0.489495798319	0.267156862745	0.243347338936
NC_002505.1	590084	591658	0.503816793893	0.250636132316	0.245547073791
NC_002505.1	591707	592225	0.488372093023	0.27519379845	0.236434108527
NC_002505.1	592295	593575	0.466353677621	0.269953051643	0.263693270736
NC_002505.1	593658	594461	0.458177278402	0.325842696629	0.215980024969
NC_002505.1	594665	596050	0.501084598698	0.27114967462	0.227765726681
NC_002505.1	596286	596534	0.5	0.264227642276	0.235772357724
NC_002505.1	596562	597116	0.445652173913	0.300724637681	0.253623188406
NC_002505.1	597144	597887	0.497975708502	0.255060728745	0.246963562753
NC_002505.1	597929	598282	0.470085470085	0.293447293447	0.236467236467
NC_002505.1	598403	599461	0.49053030303	0.250946969697	0.258522727273
NC_002505.1	599638	601008	0.479532163743	0.252923976608	0.267543859649
NC_002505.1	601137	601574	0.466666666667	0.206896551724	0.326436781609
NC_002505.1	601728	602831	0.449591280654	0.273387829246	0.2770208901
NC_002505.1	603055	603483	0.460093896714	0.302816901408	0.237089201878
NC_002505.1	603499	603891	0.489743589744	0.238461538462	0.271794871795
NC_002505.1	604219	604812	0.480541455161	0.238578680203	0.280879864636
NC_002505.1	604812	606077	0.442596991291	0.226444972288	0.330958036421
NC_002505.1	606074	606811	0.446258503401	0.258503401361	0.295238095238
NC_002505.1	606911	607546	0.437598736177	0.254344391785	0.308056872038
NC_002505.1	607546	608022	0.472573839662	0.244725738397	0.282700421941
NC_002505.1	608090	608659	0.465608465608	0.252204585538	0.282186948854
NC_002505.1	608662	609252	0.47619047619	0.241496598639	0.28231292517
NC_002505.1	609256	609624	0.434426229508	0.254098360656	0.311475409836
NC_002505.1	609611	611416	0.478646699945	0.236827509706	0.284525790349
NC_002505.1	611486	612352	0.457175925926	0.27662037037	0.266203703704
NC_002505.1	613472	614005	0.442561205273	0.267419962335	0.290018832392
NC_002505.1	614080	614748	0.468468468468	0.253753753754	0.277777777778
NC_002505.1	614896	616542	0.502433090024	0.200121654501	0.297445255474
NC_002505.1	616926	617843	0.485245901639	0.284153005464	0.230601092896
NC_002505.1	617849	618619	0.46875	0.201822916667	0.329427083333
NC_002505.1	618683	619564	0.499431171786	0.252559726962	0.248009101251
NC_002505.1	619575	620369	0.489898989899	0.246212121212	0.263888888889
NC_002505.1	620372	620875	0.520958083832	0.215568862275	0.263473053892
NC_002505.1	620872	622245	0.518599562363	0.235594456601	0.245805981036
NC_002505.1	622336	623250	0.50548245614	0.234649122807	0.259868421053
NC_002505.1	623299	623745	0.477477477477	0.204954954955	0.317567567568
NC_002505.1	623870	624640	0.483072916667	0.23046875	0.286458333333
NC_002505.1	624851	626203	0.515555555556	0.23037037037	0.254074074074
NC_002505.1	626302	628764	0.55325203252	0.223983739837	0.222764227642
NC_002505.1	628761	631094	0.516087516088	0.244959244959	0.238953238953
NC_002505.1	631331	633625	0.498254799302	0.24520069808	0.256544502618
NC_002505.1	633890	636487	0.513294797688	0.24161849711	0.245086705202
NC_002505.1	636642	637022	0.452380952381	0.309523809524	0.238095238095
NC_002505.1	637173	637538	0.462809917355	0.305785123967	0.231404958678
NC_002505.1	638885	639943	0.458333333333	0.294507575758	0.247159090909
NC_002505.1	640027	641652	0.492298213185	0.197165742452	0.310536044362
NC_002505.1	641652	642683	0.520894071914	0.22351797862	0.255587949466
NC_002505.1	642814	644226	0.49219858156	0.244680851064	0.263120567376
NC_002505.1	644349	646754	0.505201831045	0.233458177278	0.261339991677
NC_002505.1	646873	648786	0.502354788069	0.244374672946	0.253270538985
NC_002505.1	648783	649760	0.528205128205	0.243076923077	0.228717948718
NC_002505.1	649664	651388	0.501742160279	0.242740998839	0.255516840883
NC_002505.1	651445	652440	0.493454179255	0.236656596173	0.269889224572
NC_002505.1	652483	653466	0.48623853211	0.258919469929	0.254841997961
NC_002505.1	653469	654494	0.513196480938	0.257086999022	0.229716520039
NC_002505.1	654497	655483	0.483739837398	0.29674796748	0.219512195122
NC_002505.1	655653	657323	0.478417266187	0.239808153477	0.281774580336
NC_002505.1	658234	661623	0.480070859167	0.244759374077	0.275169766755
NC_002505.1	661831	662853	0.479411764706	0.272549019608	0.248039215686
NC_002505.1	662926	664011	0.467220683287	0.311172668513	0.221606648199
